from_country,AE,AR,AT,AU,BD,BE,BR,CA,CH,CL,CN,CO,CZ,DE,DK,EE,ES,FI,FR,GB,GH,GR,HK,HR,HU,ID,IE,IL,IN,IR,IT,JP,KE,KR,LA,LK,LV,MM,MX,MY,NL,NO,NP,NZ,PH,PK,PL,PR,PS,PT,RE,RO,RS,RU,SE,SG,SI,SK,TH,TR,TW,US,UY,ZA,ZM
AE,0.03687190800596604,0.019995999599917602,0.06897486788676316,0.32768027770984415,0.08072773005602003,0.29045464981630936,0.13220414365666086,0.21422022220129605,0.12362378411936177,0.08684607072287875,0.43657755324800457,0.07619641986340714,0.2197248279098339,0.33835179266550436,0.040709266758306724,0.04467661580738114,0.22185580902928922,0.16179866995743386,0.3159566653830677,0.37566804016326977,0.06451765339814074,0.1633837091022661,0.09381819866107695,0.061203450883121006,0.03223225713473103,0.12433724301275602,0.04308758986064414,0.059728288105384095,0.22345665440967316,0.07541406765322652,0.2625125056067994,0.9973359514226938,0.11208142754261392,0.20282860153328053,0.06420950396944604,0.038442289213805166,0.042622618408519344,0.017885681423970623,0.1387710575011582,0.10175010761662644,0.1531734167537236,0.0738268677379923,0.026067941997779613,0.13078287349652853,0.14311320134780775,0.029651738566231132,0.10289419614344966,0.04400268628165005,0.10183813823909443,0.03792000000000997,0.07192329247189566,0.06216868665169649,0.06982828939622374,0.06467375356357481,0.16478686234043366,0.18040363521839878,0.05803943142378636,0.03685309213619014,0.2801956395093766,0.10232589310632406,0.3848148599002757,0.5280718602614075,0.04143720067767435,0.15228756876383,0.02682315417694635
AR,0.019995999599917602,0.015491468619859373,0.04953734348952361,0.23389878152739724,0.05906186248333486,0.2053961012288634,0.08525011671542573,0.15465830077943007,0.08289821228474106,0.05414200217945107,0.31134590345782015,0.05469003565552489,0.1571620501266243,0.23855243113412009,0.02448754785601232,0.03223225713472656,0.15622404296397638,0.11066720562119071,0.21832627327012627,0.26895697722869844,0.0446766158073875,0.11251093280213131,0.06405742423798318,0.045994625773035085,0.015490074241266924,0.0868460707228795,0.02365769219514874,0.04748570732338653,0.15888884038843312,0.05321592242929079,0.1892061722037911,0.7067943177474635,0.08023720832634575,0.1403595369043684,0.046425579156339325,0.028272955275322677,0.02965173856623104,0.014140721339446233,0.09701166733957914,0.07475570613675024,0.10871022766971353,0.05265236556891798,0.02097156169672199,0.09191348976072303,0.10000994950499252,0.021903643532532036,0.07382390940613813,0.02931314380955723,0.07501976006355475,0.01843595400298726,0.0539580726119608,0.04167700085179757,0.04893097178675804,0.04599462577303647,0.11541188673613685,0.13218301101123667,0.04095335883661754,0.023231624996965006,0.1971980841692486,0.06882835462219734,0.27216546731731706,0.37442857796930434,0.0322322571347287,0.11014596860530661,0.015490074241268909
AT,0.06897486788676316,0.04953734348952361,0.18341330813229936,0.6934118037644429,0.16509331179670922,0.6245528035320478,0.27071491721004604,0.4539375283009157,0.2606889326380882,0.1752571037076078,0.9360110629687345,0.1603279127288686,0.4725686726816905,0.7169606491291904,0.08741115489458648,0.09051567599035824,0.47524962535496124,0.3425127291065741,0.6621555028842784,0.7985934825680225,0.13542513208408516,0.33632360547552015,0.20148695143865294,0.13336151018935638,0.0635886499306645,0.2590060933645323,0.08431669822753352,0.12719103742009968,0.4785547404426057,0.15820234005851938,0.5631760360668251,2.105967124529878,0.23415419193343096,0.4212926654951912,0.1291785183379651,0.08277916404508558,0.08864482838831843,0.03314800144805972,0.29453079635246554,0.21402728424195802,0.33161073022450605,0.16051168181793093,0.05804174704469566,0.2756451276552215,0.28821466930033307,0.05665361065282062,0.22499119893905056,0.09752377351187154,0.21585819048630794,0.07368981205023306,0.16336516642178442,0.1340320200548449,0.14553871100152657,0.14343060203466693,0.3543287236450665,0.38767579805832686,0.12886849731409067,0.08730544083849187,0.595870936025528,0.2067740012671302,0.8138369446021763,1.127499256053114,0.09413176934493506,0.3262858231672596,0.06104107141916181
AU,0.32768027770984415,0.23389878152739724,0.6934118037644429,4.569263599487403,0.776130562212779,2.905019092811841,1.276454494449409,2.130020697645774,1.2288587225549839,0.8323969435308514,4.412060596818484,0.7655464764470229,2.2523478167455497,3.3964529600746944,0.40086969004913625,0.42921002597806074,2.2218913362265678,1.6146667488986128,3.1178661286849403,3.77470012350655,0.6275505394788276,1.6182666725850723,0.9485807822215913,0.6280109757003348,0.27945804622532355,1.233833663829999,0.397836034567099,0.6104308131149901,2.245801640750265,0.7640975183836088,2.653827973249159,10.033859336386925,1.138781529705873,2.0356805367245534,0.6301060148895186,0.39948807041029777,0.43073935320570916,0.16102891168969452,1.3833927209581713,1.029771830261683,1.5637737942554137,0.7661642058982068,0.285238229555586,1.3195390066232031,1.3743866959483464,0.2824891580219719,1.065171819191944,0.45906593818314134,1.0273416567040599,0.3655113672649481,0.7782908142846251,0.6304478252797915,0.6856825516225128,0.6697184590555826,1.6893998172131102,1.8549776036381698,0.6076294657109428,0.39686438540124946,2.7995602339651047,0.9897190872160968,3.863842552485769,5.3641169514097795,0.4308752835796804,1.5606223670059887,0.285155238422751
BD,0.08072773005602003,0.05906186248333486,0.16509331179670922,0.776130562212779,0.1850983565566697,0.694053770539518,0.30327104114963616,0.505636735611596,0.2935731622610066,0.1979636976822633,1.0598196780586298,0.18402543193816148,0.534926339228112,0.8026751273086524,0.09579384322594475,0.10125547096327209,0.5274625715630447,0.38101148276653785,0.7474626516422465,0.8972004449396873,0.15043603291764962,0.38300327100450127,0.2254670166566025,0.1523562929451661,0.06781338805873265,0.2991019725779524,0.09619516619872881,0.14256456642523435,0.5351679209368252,0.18494009841017756,0.6317434210184854,2.383232796014693,0.2673974240712299,0.48786817727756937,0.15023341705495466,0.09772087596821956,0.10345495444873287,0.037920000000010896,0.3294829282376932,0.24645640588155757,0.3721437136378381,0.18268844626856753,0.0673763281873203,0.3132403390369721,0.3248364413053231,0.063588649930663,0.25243730627618594,0.10979104517223279,0.2424466217540922,0.0862771696336879,0.18527170965901268,0.14765251640250324,0.1654603747125392,0.16207825764122516,0.40308808764329696,0.44657580364366606,0.14538389319313438,0.09831338464319732,0.6655122511268233,0.23642083749117274,0.9261737148072454,1.2686438895136936,0.10193012312359212,0.3732622193580192,0.06528155635401621
BE,0.29045464981630936,0.2053961012288634,0.6245528035320478,2.905019092811841,0.694053770539518,3.4616106641850606,1.1432217709613026,1.8529173706341886,1.100283160645537,0.7395533113979853,3.9496203311203564,0.685873269926932,2.0014671862411353,3.0094424466997,0.35724196617980886,0.38915004766807343,1.915885774883118,1.4159601450605492,2.7653310773940976,3.3125520331611367,0.5584888091986127,1.4436592257176224,0.8414149035996267,0.5658044552669652,0.25036435449169603,1.0951138344481726,0.3608160523034725,0.5432992983614837,1.9849824466728725,0.6684286002260428,2.346699166403773,8.792379051973942,1.0071408076333903,1.8365515806530939,0.5591451586125453,0.35552637032995005,0.38978132895236167,0.14570212764398616,1.2347145093500944,0.9199423405844583,1.3614474061087207,0.6773992379682989,0.25166799637627074,1.1661514714651329,1.2300597317205817,0.2535667099601882,0.956559360207494,0.4110497152412232,0.8798758437418103,0.32794807149929506,0.6896955615342678,0.559041860328945,0.6153715466285292,0.6018112923500323,1.5046876704484389,1.6514838782135886,0.5402881597813789,0.3585364896352158,2.456418677587761,0.8836600251227849,3.4349261334711514,4.71615333588718,0.38265706631378904,1.3871694200781894,0.2472213380759368
BR,0.13220414365666086,0.08525011671542573,0.27071491721004604,1.276454494449409,0.30327104114963616,1.1432217709613026,0.6725319751505976,0.8328183436980476,0.4749619588978219,0.32314182644776357,1.7362095684564394,0.2968182683057906,0.8731746867608695,1.3186582052979554,0.15340341456424136,0.16651140381372026,0.8768311956130692,0.638683154936776,1.2199364993315107,1.4723420118979358,0.24382880551721356,0.6297316758745232,0.36853244090571013,0.24580921382231752,0.10772207016203517,0.4818148088217072,0.1572863427002427,0.23771082937059942,0.8745583751814204,0.29691649398442665,1.0353527545722703,3.912746568384053,0.4394149546840249,0.7930355008446347,0.24939169513029447,0.1545905094110951,0.17154412959938964,0.06136539415662009,0.5402571147148687,0.40507035191427915,0.6123249434735125,0.29739955548045816,0.11050411757033085,0.5199704222355542,0.5370639585746162,0.10843611022166305,0.41154141273976813,0.18245486455563878,0.40479272276051104,0.14507346414828043,0.2993519874663635,0.24344791311497163,0.2703768266697376,0.25872653052993994,0.6594104712543551,0.721892214669151,0.23739212371095023,0.15727364687064505,1.102222939155473,0.38608941917621165,1.5085551061864726,2.0777895142673866,0.16738909761390994,0.604490958079989,0.10725908073442293
CA,0.21422022220129605,0.15465830077943007,0.4539375283009157,2.130020697645774,0.505636735611596,1.8529173706341886,0.8328183436980476,1.8124209096119905,0.8028463860543745,0.541410350473528,2.863174866542385,0.49405854875697874,1.4563577899678413,2.194602096052256,0.2618645749237852,0.2831992966093523,1.4148119274309507,1.0348187085671183,2.0285646976126643,2.446006639320754,0.4093414496482594,1.0512594486614357,0.6283533499551746,0.4151889011039725,0.18654691099029597,0.8037934062928829,0.26426020812831125,0.3977636986956791,1.458083544382582,0.49298295264649694,1.7199773299666827,6.449029070457085,0.732900204666122,1.333241819776332,0.41013809918110145,0.26016499072713223,0.28089099309174054,0.10383250936004096,0.9015852314673122,0.6720573773124032,0.9952399276555941,0.49834767622595866,0.187996415923358,0.8547779229718188,0.8949098705457538,0.1802781750518719,0.6948651872128266,0.3023060806533126,0.6544136612267305,0.23882210952929236,0.5048643283101939,0.41409171882579027,0.4484801427040591,0.4391137251329293,1.101629901555033,1.2053488782923907,0.39548677803422544,0.25718427245841585,1.801363467599106,0.6419166001904384,2.5138361403241665,3.4434075876084793,0.2856357393603466,1.010987235329613,0.18337835859223672
CH,0.12362378411936177,0.08289821228474106,0.2606889326380882,1.2288587225549839,0.2935731622610066,1.100283160645537,0.4749619588978219,0.8028463860543745,0.6020167439532577,0.3085674195373379,1.6670975735088214,0.2848138697464071,0.8382433954408229,1.2733633548992036,0.1521363388543425,0.1577276018964689,0.8340070944544061,0.605142751753773,1.1720986552337198,1.4163968957885271,0.2375482022663416,0.60787466997715,0.35626199572781087,0.23433370308170845,0.10899673206117455,0.4604530425568427,0.151192749826194,0.22834495921734455,0.8439507281827922,0.2865678104743206,0.9995878350596749,3.762009347728786,0.42003960003777924,0.761515854332723,0.23375609082980267,0.14706838545379067,0.16113993421871117,0.061687985864346095,0.5235810351799561,0.3862890684449957,0.5863101810477714,0.28373765629525544,0.10626528125403545,0.4939420468031468,0.5170140079342478,0.10579157622417767,0.39743939965725983,0.17101517944332112,0.3913000097113382,0.13826596978283387,0.29321035111326194,0.23530069188172106,0.2569416984454418,0.24951700463106763,0.6250631340912833,0.6979888592235127,0.22550678570717672,0.15400442071573214,1.0575676089971502,0.36881437661779565,1.4423134749424087,2.0100177873838923,0.1625510123006852,0.5848301278149799,0.10487611739568582
CL,0.08684607072287875,0.05414200217945107,0.1752571037076078,0.8323969435308514,0.1979636976822633,0.7395533113979853,0.32314182644776357,0.541410350473528,0.3085674195373379,0.2568246592521486,1.1349491475832318,0.19336160425472332,0.5689931848447949,0.8613568598438284,0.09812155726447373,0.1104952560067627,0.5645571021608006,0.4122529631185964,0.7952634783515066,0.9540815151754962,0.16021607285157377,0.407036147780791,0.2381023611809846,0.1630170739523921,0.07382686773799173,0.3080186169696774,0.10468943786265116,0.15353993487035883,0.5644772888260178,0.1934360866023664,0.6750756330961308,2.5153955139501747,0.28642647293845136,0.5147788713613494,0.16401268243653738,0.09811369731086023,0.10962188832528084,0.03921260511620619,0.3503067798372482,0.26157680631129954,0.39611117176886534,0.19132631810592912,0.07067672601362364,0.3362095441832416,0.34304037313415503,0.07053367989829687,0.2703430442973598,0.11345042970397172,0.25869338685017257,0.09126576576130166,0.19471250190981787,0.15796200935671664,0.17505414476671266,0.16743867653554406,0.42430384160414103,0.4723409781079147,0.15246286892230357,0.09842095508578227,0.7151008600190908,0.2523213435283761,0.9700528571166799,1.3485914095825915,0.10826027711037806,0.3883223732932702,0.06911832173887718
CN,0.43657755324800457,0.31134590345782015,0.9360110629687345,4.412060596818484,1.0598196780586298,3.9496203311203564,1.7362095684564394,2.863174866542385,1.6670975735088214,1.1349491475832318,8.493314640680362,1.0317955022195737,3.052598211097993,4.617942295005261,0.5401596619517861,0.5878465020733731,3.009373909369392,2.1830367757780738,4.283692522859146,5.137409934159343,0.8489492564339819,2.188396519006676,1.2869591297314422,0.864227857916882,0.3846569193451859,1.6843116310232706,0.5412514624459555,0.8232320732333424,3.047144076934905,1.0344660611156842,3.614029261585906,13.956976107108591,1.5284109206624346,2.784280158030379,0.8610628388219944,0.5414469739500436,0.5812470731109974,0.21732443488943284,1.8884722964338962,1.3936042019167807,2.1135490319364227,1.0347251615767896,0.38262955243959074,1.8010248637927369,1.8676516124803462,0.3831787697668179,1.4499200507621153,0.6256062096877748,1.4020458189376228,0.4936281835551157,1.062315032558856,0.8555285708845448,0.9416209479402016,0.9131267460759973,2.30236499486939,2.520764963260376,0.8263720128365982,0.5406373586793591,3.8162102654336665,1.3417469375409004,5.267310415610618,7.257013281398763,0.587261751181008,2.11862693044347,0.3841475529011735
CO,0.07619641986340714,0.05469003565552489,0.1603279127288686,0.7655464764470229,0.18402543193816148,0.685873269926932,0.2968182683057906,0.49405854875697874,0.2848138697464071,0.19336160425472332,1.0317955022195737,0.18595330166476154,0.5169449638019437,0.797368470909308,0.09276129365207228,0.10213434094370842,0.5154593877308216,0.3793948676512287,0.7244038185983124,0.8757542120936537,0.14670128015797704,0.3765249266646999,0.22077354823437637,0.1463333181472266,0.061365394156621934,0.28849590361039806,0.09255661186535512,0.14179949788335888,0.5223265476689863,0.17664644462874457,0.6154042625787391,2.3327537375384444,0.2619834124519836,0.4776261261699137,0.14806921489630276,0.09454437899732937,0.09465199416815183,0.03739037309254247,0.3228149432724692,0.23952803510223297,0.36310490164697035,0.17896269555416475,0.0683979853504882,0.3066542280810429,0.3227875530437352,0.06405742423797668,0.24997695813800053,0.11137436688935042,0.23696459735586714,0.08432006641367398,0.17986892560980577,0.14758773797302346,0.15907432225227292,0.158621945518241,0.3948446778163804,0.43482654886742167,0.13955305657711925,0.09640285265489323,0.6501067432352292,0.22991434144043363,0.9014832213637056,1.242961045246374,0.10308838731887353,0.3621274908095914,0.0661864034375941
CZ,0.2197248279098339,0.1571620501266243,0.4725686726816905,2.2523478167455497,0.534926339228112,2.0014671862411353,0.8731746867608695,1.4563577899678413,0.8382433954408229,0.5689931848447949,3.052598211097993,0.5169449638019437,2.1071106662917005,2.3201108745918173,0.2774028399277644,0.29463362944507965,1.526513575308123,1.112486198745737,2.129485367313857,2.5891577317727412,0.42555897358646205,1.105237487420866,0.6493616677938631,0.4305411738730562,0.18936852959235526,0.8385148296839673,0.268443188775507,0.41522253069903287,1.5389952346902607,0.5211873766696784,1.8119754716881356,6.843712377796157,0.773120512210176,1.3952527213375783,0.4325058963759997,0.27192272358157216,0.291870502106717,0.10915381990563801,0.9491032533925291,0.7013113191728942,1.0684074121792027,0.5230898339671315,0.19308475962635832,0.9018327782910964,0.9403417402200116,0.18921114554910687,0.7356324731823582,0.31335602180260075,0.7011465764019168,0.24438860775403487,0.5366386937222712,0.43330534453215386,0.4732564361949545,0.4565067250325181,1.14804464791276,1.2687307722288712,0.4126253196303727,0.27154915282492353,1.9234384211613262,0.6770627666617538,2.636089405995384,3.6402273157591454,0.28982664887825316,1.0718570919672075,0.1916605071473024
DE,0.33835179266550436,0.23855243113412009,0.7169606491291904,3.3964529600746944,0.8026751273086524,3.0094424466997,1.3186582052979554,2.194602096052256,1.2733633548992036,0.8613568598438284,4.617942295005261,0.797368470909308,2.3201108745918173,4.892799097285989,0.4148596215591271,0.4428814739861907,2.286569510774781,1.6663593965289298,3.2376713408862647,3.8994814816331362,0.6524512499795208,1.6658517310980303,0.9845534630480655,0.6535162660560659,0.29344825506373007,1.2825554684301594,0.4148465157141841,0.6356578573416373,2.319957450557969,0.7931849075719252,2.731770734084427,10.441333100155434,1.1619469480143412,2.129771022058384,0.6534222512284198,0.4129565008571362,0.44466654067977934,0.16853442497002627,1.4400867161387516,1.0605461227119461,1.6108627222701273,0.7964414815916377,0.2930160234527682,1.3683173754652314,1.4316814640137514,0.29405130436723226,1.1074177791598683,0.47619214231234147,1.0632267679098257,0.3786016883217888,0.8086719176523656,0.6553902162835106,0.7128567808472315,0.6986776355375302,1.7532222909830997,1.9373692178827235,0.6330876839743023,0.4124015596477835,2.8916450116845147,1.0208251023561228,4.012769704780076,5.52176746975095,0.447408323123202,1.6137466565728313,0.29431240476753734
DK,0.040709266758306724,0.02448754785601232,0.08741115489458648,0.40086969004913625,0.09579384322594475,0.35724196617980886,0.15340341456424136,0.2618645749237852,0.1521363388543425,0.09812155726447373,0.5401596619517861,0.09276129365207228,0.2774028399277644,0.4148596215591271,0.05289650271995241,0.05284299764398908,0.27630663473767675,0.19616118984137793,0.3827792575361482,0.45877854134656315,0.07528286657666218,0.1997698425688411,0.11432391875711491,0.07722693830522505,0.036307817340083724,0.1522232557791975,0.04790313142166771,0.07436376537000863,0.27506656939720864,0.09266643621076084,0.32484974742170086,1.2253231983437745,0.13953613295482503,0.24692279279145873,0.0723348629638318,0.04706454716664889,0.05092386473945157,0.019489884555843884,0.1705192528719717,0.12726708765420283,0.1883265207026943,0.09599089748510863,0.03712271003039206,0.16253781221611702,0.16521844812252004,0.031289608498681155,0.13124084729995014,0.05523256648027584,0.12883750385657167,0.04285573940558517,0.08997062631771305,0.0717855667944748,0.08313578290960273,0.08194413706911664,0.20379181435961957,0.2284998030635072,0.07395775821375422,0.04973780855645013,0.341841834771709,0.1210217154067571,0.4693540135122328,0.6528387166827809,0.05053163761448404,0.1893931191992015,0.03603206904965236
EE,0.04467661580738114,0.03223225713472656,0.09051567599035824,0.42921002597806074,0.10125547096327209,0.38915004766807343,0.16651140381372026,0.2831992966093523,0.1577276018964689,0.1104952560067627,0.5878465020733731,0.10213434094370842,0.29463362944507965,0.4428814739861907,0.05284299764398908,0.06446451426944279,0.29859068907115605,0.21291101521523292,0.41187537872513047,0.501907999537817,0.08169970379383656,0.21220207727544785,0.12409822561177788,0.08478301716739897,0.03658147618671806,0.15940436004080186,0.05246315278366711,0.08265993951120237,0.2990504546059284,0.10048270696992445,0.3528870074118226,1.3227715896553984,0.14309023586534722,0.26575859647444666,0.08277916404508959,0.048930971786764796,0.05358829722991557,0.02190364353253531,0.18383640988651673,0.13504721396611843,0.20502022436822678,0.09891390195521274,0.03712271003039023,0.17773942275132631,0.1811198222172103,0.03895753585636941,0.14369767708627565,0.059725903927837054,0.13856878580685922,0.04555956101633893,0.10212614748433504,0.0817029840336622,0.08775193217245936,0.08443013443081548,0.2188841191133424,0.2455952108653985,0.07748237477000511,0.054507977397828845,0.36792067840765097,0.12960617269256047,0.5105584957672217,0.7051247106717768,0.057696138518976745,0.19856482568667522,0.03870077518603247
ES,0.22185580902928922,0.15622404296397638,0.47524962535496124,2.2218913362265678,0.5274625715630447,1.915885774883118,0.8768311956130692,1.4148119274309507,0.8340070944544061,0.5645571021608006,3.009373909369392,0.5154593877308216,1.526513575308123,2.286569510774781,0.27630663473767675,0.29859068907115605,1.8887065186524725,1.0602038022949158,2.1049711058350153,2.543094077614791,0.4250623366049139,1.1000002179998134,0.6410161420746362,0.4320671128425663,0.19548482396338446,0.8425731253726665,0.27564765843384026,0.4232100939249639,1.5112181723366287,0.5068334574593738,1.7806543039007288,6.697240146536567,0.766143922771706,1.410140920050113,0.42289846299084655,0.27156934657648096,0.2978111072476463,0.11540255629751256,0.9322562660556929,0.6922048898991736,1.0226828278599904,0.5196126522708866,0.19715942787505694,0.8840918178560749,0.9288647348241552,0.1938020423008411,0.7333633816872975,0.32172102138335323,0.6632051435265516,0.25004140137182856,0.5234721673594802,0.43171651393009014,0.46663004789667356,0.4594739095965032,1.1446322728280063,1.265688264779136,0.41259781822023023,0.27160088291462703,1.8669145008811094,0.6672392782202642,2.608353018363317,3.591700697942319,0.29504407738488025,1.063010186027957,0.19423828252939673
FI,0.16179866995743386,0.11066720562119071,0.3425127291065741,1.6146667488986128,0.38101148276653785,1.4159601450605492,0.638683154936776,1.0348187085671183,0.605142751753773,0.4122529631185964,2.1830367757780738,0.3793948676512287,1.112486198745737,1.6663593965289298,0.19616118984137793,0.21291101521523292,1.0602038022949158,0.9354132100844573,1.5398254316641706,1.8517632315176367,0.3092955376334849,0.799198994994294,0.4751296543048201,0.3133933496422487,0.14249726453512687,0.6157447146344451,0.19990875418543244,0.3022385812566167,1.1090651198195818,0.3742228726306423,1.2939521079235499,4.872713412462383,0.5547676356820701,1.015762022522986,0.3102244187679708,0.19749407586058165,0.2169111117484987,0.08218126307134424,0.6796718255160363,0.5105488670047686,0.7560886590873032,0.37641264112687617,0.139472927839018,0.6424269371687538,0.6791118011052056,0.1413872073421441,0.5278994207231704,0.2279594314783927,0.4922990554531101,0.18044086455119795,0.3901478073755801,0.31263870457766946,0.34244287348400404,0.33471419151264314,0.8346542754939066,0.9153751089032091,0.3028432835644742,0.1975953187705167,1.3689840431503266,0.482019549810878,1.9005544281606335,2.6076601495595195,0.21107673580948713,0.7728205170669178,0.14103599398729846
FR,0.3159566653830677,0.21832627327012627,0.6621555028842784,3.1178661286849403,0.7474626516422465,2.7653310773940976,1.2199364993315107,2.0285646976126643,1.1720986552337198,0.7952634783515066,4.283692522859146,0.7244038185983124,2.129485367313857,3.2376713408862647,0.3827792575361482,0.41187537872513047,2.1049711058350153,1.5398254316641706,4.148106533636464,3.5882181971556646,0.6030442292236726,1.5430639741761045,0.9069887741311532,0.6038478099653153,0.26746834130405533,1.1729697448784129,0.37999169675125616,0.5830893928036168,2.152269194966243,0.7253038326108027,2.5396496570196048,9.558270466459934,1.0726230062792923,1.9592901235906606,0.5977669164482364,0.38301101811820537,0.413560094303227,0.1562465948428934,1.3174467664389278,0.9793744613781794,1.478112477993237,0.7286626478691387,0.26546738858107766,1.2630311318412557,1.3076589095023883,0.26689956088384714,1.0165677498323662,0.4383008939074501,0.9669019424947828,0.34865359255288453,0.743120990418311,0.6044120435597424,0.6568115562317419,0.6398222453151643,1.6082291527019186,1.771866419231235,0.5792472135451893,0.3835123069734341,2.6677939443666827,0.9364359051208976,3.680242265449554,5.082419599521581,0.4125952496089838,1.4881657583754484,0.2639136032870826
GB,0.37566804016326977,0.26895697722869844,0.7985934825680225,3.77470012350655,0.8972004449396873,3.3125520331611367,1.4723420118979358,2.446006639320754,1.4163968957885271,0.9540815151754962,5.137409934159343,0.8757542120936537,2.5891577317727412,3.8994814816331362,0.45877854134656315,0.501907999537817,2.543094077614791,1.8517632315176367,3.5882181971556646,6.071573687274311,0.7245475716608805,1.8575292648032278,1.0906466749591954,0.724343316390622,0.324328226338694,1.418106117326895,0.459456567697268,0.7046930951839531,2.5782424398026746,0.8770888281125483,3.0555773000202557,11.626517765866213,1.3031381685760606,2.3544595452037735,0.7234823386926835,0.45835519458153134,0.49946362229913704,0.18584113538176428,1.5923635846124184,1.1780986428989673,1.7894283149653036,0.8756456248962493,0.32780940743063886,1.5190428532467113,1.580365778419247,0.32281164539084195,1.2223957197241428,0.5323283783529749,1.17655787294954,0.41770574140171274,0.8976812788511928,0.7280684627150852,0.7959959547634515,0.7731428429471532,1.9424341923471855,2.146114229858435,0.7043700800004425,0.46443047229930917,3.2206519135728007,1.1415688277103948,4.45023075244451,6.138826879982781,0.4964754173167546,1.8022014267001158,0.32244301884200677
GH,0.06451765339814074,0.0446766158073875,0.13542513208408516,0.6275505394788276,0.15043603291764962,0.5584888091986127,0.24382880551721356,0.4093414496482594,0.2375482022663416,0.16021607285157377,0.8489492564339819,0.14670128015797704,0.42555897358646205,0.6524512499795208,0.07528286657666218,0.08169970379383656,0.4250623366049139,0.3092955376334849,0.6030442292236726,0.7245475716608805,0.0,0.30708116190981605,0.1838300856770614,0.12309341980788661,0.05053163761448148,0.2377768626254624,0.07887212688906267,0.1164423823185042,0.43518591843026916,0.14836727941163555,0.5113957543818165,1.9087259917546544,0.21488020476532463,0.38937062601057987,0.12018770486207324,0.07836968546575729,0.08133661168255713,0.03344765462628272,0.2725276639168104,0.19658200934968192,0.301656225528285,0.14815172763090392,0.05189132875539146,0.25566470229571625,0.26502672770862723,0.0520826420220836,0.20944574094504098,0.08898084063436568,0.19838275731533145,0.06795932901373182,0.14938389605311048,0.1193006286655371,0.13142963897080104,0.13123033795586092,0.3252659459579949,0.36041394867574716,0.12004061812573018,0.07095348053475418,0.5372381386314906,0.19295660030163733,0.7410490874428485,1.0196733655444674,0.083372657388345,0.2975049518916879,0.05647796030308943
GR,0.1633837091022661,0.11251093280213131,0.33632360547552015,1.6182666725850723,0.38300327100450127,1.4436592257176224,0.6297316758745232,1.0512594486614357,0.60787466997715,0.407036147780791,2.188396519006676,0.3765249266646999,1.105237487420866,1.6658517310980303,0.1997698425688411,0.21220207727544785,1.1000002179998134,0.799198994994294,1.5430639741761045,1.8575292648032278,0.30708116190981605,1.076839523049195,0.46688231664968627,0.3063778523326759,0.14116642660342313,0.6127171220066644,0.1950681511676942,0.29739892131607576,1.1116411361586462,0.38039288952353456,1.3089139161918224,4.934423599003177,0.5581093742270633,1.0013142563655661,0.3104017467734526,0.1952416185141495,0.2110842068939078,0.08372667675237971,0.6849686004484625,0.5073472578030876,0.7658532903894932,0.3765206267922848,0.13921956184389067,0.6546781609311041,0.680063192357655,0.1372329931176194,0.5254834558763846,0.22302907344119483,0.5100042254726301,0.17773942275131682,0.3844996228868481,0.30300392340686993,0.34168622799297943,0.3320793104064837,0.8292599023225542,0.9143033509727098,0.29636516326979645,0.1969825332357633,1.3768765776203122,0.4878696809601269,1.9015710792921177,2.625964637690443,0.21021268848473443,0.7639790950021771,0.1387186490706227
HK,0.09381819866107695,0.06405742423798318,0.20148695143865294,0.9485807822215913,0.2254670166566025,0.8414149035996267,0.36853244090571013,0.6283533499551746,0.35626199572781087,0.2381023611809846,1.2869591297314422,0.22077354823437637,0.6493616677938631,0.9845534630480655,0.11432391875711491,0.12409822561177788,0.6410161420746362,0.4751296543048201,0.9069887741311532,1.0906466749591954,0.1838300856770614,0.46688231664968627,0.3355661866161138,0.18092804204982393,0.07849875413028656,0.35894399786024045,0.11601450943743662,0.1737583379294541,0.6493034886706066,0.22064856310429165,0.7675919165807615,2.8891015471939467,0.3270356989687789,0.5912670002631814,0.18416844355107737,0.11431476545047835,0.12494395383533168,0.04642557915633925,0.4038980940783763,0.2984808141237706,0.45081792156034733,0.2193227357115514,0.0814610974637932,0.38585425175824656,0.3973487692191715,0.07812035586195275,0.3035421018573221,0.13428742904676924,0.29925558574557826,0.10486769569321314,0.2224946525199403,0.17920053124928703,0.1986191974608202,0.19311701737542286,0.4907759798524331,0.5404447931101463,0.17153723677379873,0.11955423706421112,0.8152498159463657,0.28454297320429467,1.1199015070975902,1.5353470319117883,0.12639724047618528,0.44851646970869796,0.08194084695681898
HR,0.061203450883121006,0.045994625773035085,0.13336151018935638,0.6280109757003348,0.1523562929451661,0.5658044552669652,0.24580921382231752,0.4151889011039725,0.23433370308170845,0.1630170739523921,0.864227857916882,0.1463333181472266,0.4305411738730562,0.6535162660560659,0.07722693830522505,0.08478301716739897,0.4320671128425663,0.3133933496422487,0.6038478099653153,0.724343316390622,0.12309341980788661,0.3063778523326759,0.18092804204982393,0.15161863210045737,0.051891328755387704,0.23850805520988247,0.07528286657666457,0.1191568713922961,0.4297217239096872,0.15142681268523142,0.5137149991969173,1.9365390546018992,0.21763214376558934,0.3947210655641137,0.1214074725870929,0.07999078946977019,0.08169970379383958,0.030968990942556104,0.2652207382540576,0.20107620445987603,0.29785631703883475,0.14509686557603105,0.053402438146600804,0.2543448871120667,0.2641929408594848,0.055412215259815545,0.2048963991875395,0.08582612888854989,0.20170326621046067,0.07178556679447694,0.1438860312886479,0.1227581671417505,0.1290184730958588,0.12930236811440474,0.3213000491750644,0.3563132189522289,0.11482465937240786,0.07632601391403075,0.5441667259215075,0.19236115616205005,0.7394557238944006,1.0278989825855358,0.08254385258754623,0.29578792132214954,0.056653610652820964
HU,0.03223225713473103,0.015490074241266924,0.0635886499306645,0.27945804622532355,0.06781338805873265,0.25036435449169603,0.10772207016203517,0.18654691099029597,0.10899673206117455,0.07382686773799173,0.3846569193451859,0.061365394156621934,0.18936852959235526,0.29344825506373007,0.036307817340083724,0.03658147618671806,0.19548482396338446,0.14249726453512687,0.26746834130405533,0.324328226338694,0.05053163761448148,0.14116642660342313,0.07849875413028656,0.051891328755387704,0.026830400667879284,0.10553519033952961,0.03344765462628867,0.056477960303091525,0.18977507107095418,0.06436376620430194,0.2291249999454819,0.8636593715120772,0.09780942899331115,0.17707016010610982,0.054690035655526305,0.036581476186718344,0.03284560244536161,0.014830765320772188,0.11873890516594578,0.08774840397406362,0.1332624238110313,0.06911555541266852,0.021903643532533917,0.11371226670858785,0.11683133141409613,0.027557619635966493,0.09202037817790126,0.03921260511620592,0.08875578854361199,0.03344765462628487,0.0701113143508422,0.052840893255109544,0.05594765768107613,0.054142002179457104,0.14535478113902314,0.15894209763308598,0.053773506487880755,0.03996798718973621,0.2428233522543696,0.0867325982545866,0.331062313771981,0.45703408363043785,0.03630781734008139,0.13216703219791495,0.0244875478560141
ID,0.12433724301275602,0.0868460707228795,0.2590060933645323,1.233833663829999,0.2991019725779524,1.0951138344481726,0.4818148088217072,0.8037934062928829,0.4604530425568427,0.3080186169696774,1.6843116310232706,0.28849590361039806,0.8385148296839673,1.2825554684301594,0.1522232557791975,0.15940436004080186,0.8425731253726665,0.6157447146344451,1.1729697448784129,1.418106117326895,0.2377768626254624,0.6127171220066644,0.35894399786024045,0.23850805520988247,0.10553519033952961,0.6001534470450722,0.15116242787150538,0.23062512525750734,0.8533453600974877,0.2887863424749383,1.0043070667877751,3.790223635407167,0.42604653079197524,0.7746327904239407,0.23438274339205534,0.14336950721823907,0.15908075433560692,0.06216868665169834,0.5206484802628399,0.38833882113446955,0.5874189234267573,0.28780963083263333,0.1081787483751454,0.5002874497727688,0.5191798821217231,0.10393086933152716,0.4009967082159784,0.17183823905056198,0.38739780020045295,0.13712602087138206,0.30068440265495594,0.23770231382965884,0.2623986577709856,0.2509736041896542,0.637688199671357,0.698137635713843,0.22442081097799274,0.14947539061661982,1.060557317451349,0.3752778591922505,1.460182880464047,2.023455755977961,0.1606887562961694,0.5894234471074207,0.11051292051162506
IE,0.04308758986064414,0.02365769219514874,0.08431669822753352,0.397836034567099,0.09619516619872881,0.3608160523034725,0.1572863427002427,0.26426020812831125,0.151192749826194,0.10468943786265116,0.5412514624459555,0.09255661186535512,0.268443188775507,0.4148465157141841,0.04790313142166771,0.05246315278366711,0.27564765843384026,0.19990875418543244,0.37999169675125616,0.459456567697268,0.07887212688906267,0.1950681511676942,0.11601450943743662,0.07528286657666457,0.03344765462628867,0.15116242787150538,0.0,0.07025520336605481,0.274400128279916,0.09286716319562875,0.325783250643719,1.2141939686886347,0.1339010365904132,0.24583746744556917,0.0764553830674801,0.049336055780716676,0.05111883801499175,0.016730857718596812,0.17220683377845233,0.1260957794694701,0.19408771213042195,0.09180647253872244,0.03096899094255176,0.16039998004993514,0.16408357748419147,0.03403901291164784,0.12869774823196597,0.05905953267680056,0.12986737234573237,0.04215248035405963,0.09307852813622,0.07554806417109435,0.08313578290961231,0.0853622281808408,0.20565748612685975,0.22854818222863985,0.0744906947208778,0.05033436599382919,0.34009254681649337,0.12140257657895231,0.4709500928973521,0.6546228911368459,0.04831691629234546,0.18828114722409975,0.0331480014480592
IL,0.059728288105384095,0.04748570732338653,0.12719103742009968,0.6104308131149901,0.14256456642523435,0.5432992983614837,0.23771082937059942,0.3977636986956791,0.22834495921734455,0.15353993487035883,0.8232320732333424,0.14179949788335888,0.41522253069903287,0.6356578573416373,0.07436376537000863,0.08265993951120237,0.4232100939249639,0.3022385812566167,0.5830893928036168,0.7046930951839531,0.1164423823185042,0.29739892131607576,0.1737583379294541,0.1191568713922961,0.056477960303091525,0.23062512525750734,0.07025520336605481,0.14576570241316233,0.41374010006267575,0.14371496233866693,0.49375083230300953,1.8663818670355286,0.20564617283097206,0.3852142131332466,0.11826576004918707,0.074755706136748,0.08133661168255653,0.03254038106722871,0.2597960769528278,0.19140544506368382,0.28988719461205925,0.13866607948585144,0.052652365568916865,0.2460891253185692,0.2584754038589857,0.05265446229905191,0.1953912741142346,0.08831461713673791,0.19497350691816348,0.06810495136188816,0.1478525955131706,0.11518165826207005,0.12965986117535727,0.11955423706421198,0.3167050609005415,0.34425339272123756,0.1121548483125269,0.07301847437466254,0.5213698203768746,0.182191213838696,0.7135814975179735,0.9930545763451705,0.08313578290960973,0.2860147548640294,0.0537735064878726
IN,0.22345665440967316,0.15888884038843312,0.4785547404426057,2.245801640750265,0.5351679209368252,1.9849824466728725,0.8745583751814204,1.458083544382582,0.8439507281827922,0.5644772888260178,3.047144076934905,0.5223265476689863,1.5389952346902607,2.319957450557969,0.27506656939720864,0.2990504546059284,1.5112181723366287,1.1090651198195818,2.152269194966243,2.5782424398026746,0.43518591843026916,1.1116411361586462,0.6493034886706066,0.4297217239096872,0.18977507107095418,0.8533453600974877,0.274400128279916,0.41374010006267575,2.0815014392498554,0.5222990269951903,1.810892440317896,6.8349240203826485,0.7693898255113478,1.4131966372730997,0.434749670960314,0.27395348437265077,0.29635318861115634,0.10888526071048044,0.9486215472986921,0.7064948690541311,1.0703516760392582,0.524798778961858,0.19788267129799156,0.8987187956197452,0.9507766844003822,0.1940319303620005,0.7285827884323343,0.31516227629595484,0.7065019179024989,0.24877395281646408,0.5352913819594216,0.43087754130373274,0.47124973209541454,0.45801238585873644,1.1540486490613193,1.2789216201154274,0.4167957600552681,0.2782204816328579,1.9173640806069718,0.6783332511382153,2.6532569687839875,3.646228406175262,0.2933363939236062,1.0666214081858585,0.1885681584998689
IR,0.07541406765322652,0.05321592242929079,0.15820234005851938,0.7640975183836088,0.18494009841017756,0.6684286002260428,0.29691649398442665,0.49298295264649694,0.2865678104743206,0.1934360866023664,1.0344660611156842,0.17664644462874457,0.5211873766696784,0.7931849075719252,0.09266643621076084,0.10048270696992445,0.5068334574593738,0.3742228726306423,0.7253038326108027,0.8770888281125483,0.14836727941163555,0.38039288952353456,0.22064856310429165,0.15142681268523142,0.06436376620430194,0.2887863424749383,0.09286716319562875,0.14371496233866693,0.5222990269951903,0.0768845784276218,0.6167731430596827,2.3098249144905436,0.26329142485084084,0.47930857492849616,0.14217591357190051,0.09370966012107236,0.10299750676597483,0.034039012911643726,0.32188892245617196,0.23877138773310913,0.3614648774084738,0.1795218437961652,0.06795932901373629,0.3072417653898998,0.3194888110717647,0.06648523445099258,0.2470127316556196,0.10862912869031277,0.23792089357612364,0.08604852352018395,0.1851915494833216,0.14560626222804077,0.16456137578416025,0.15511836899606682,0.3927632895268655,0.43463408011797333,0.14332895729753178,0.09233655830712778,0.6487421971786858,0.23094178573838303,0.9006487182026933,1.2370373923207105,0.10164155842963712,0.36636593728117495,0.06512950483461297
IT,0.2625125056067994,0.1892061722037911,0.5631760360668251,2.653827973249159,0.6317434210184854,2.346699166403773,1.0353527545722703,1.7199773299666827,0.9995878350596749,0.6750756330961308,3.614029261585906,0.6154042625787391,1.8119754716881356,2.731770734084427,0.32484974742170086,0.3528870074118226,1.7806543039007288,1.2939521079235499,2.5396496570196048,3.0555773000202557,0.5113957543818165,1.3089139161918224,0.7675919165807615,0.5137149991969173,0.2291249999454819,1.0043070667877751,0.325783250643719,0.49375083230300953,1.810892440317896,0.6167731430596827,2.958641519346512,8.072898116537491,0.9229457099959194,1.6657918218074776,0.509017612269037,0.3269980403610102,0.3481576447531607,0.13244251734249118,1.1284047484834872,0.8325645767147435,1.258210995977886,0.6178800090635471,0.22876977422732822,1.0588911330253705,1.1178621052706095,0.22930135193663487,0.863724211539731,0.37604839635350595,0.8220164514169187,0.2958734263161325,0.6365966858223912,0.5137181857790906,0.557577784349462,0.5475905492244808,1.3678617918490406,1.5146087641370647,0.49411386501487503,0.325580124700544,2.2505116755083168,0.79744870681449,3.1260140544147546,4.3176083229489235,0.3544012618486941,1.2564457283943822,0.22702555274678643
